0001 0001
0001 0001
0000 1100
111111110000 111111110000 111111110000 111111110000 111111110000 111111110000 111111110000 111111110000 111111110000 111111110000 111111110000 111111110000 111111110000 111111110000 111111110000 111111110000 111111110000
 
111111110000 000000000000 000000000000 000000000000 000000000000 000000000000 000000000000 000000000000 000000000000 000000000000 000000000000 000000000000 000000000000 000000000000 000000000000 000000000000 111111110000
 
111111110000 000000000000 000000000000 111100000000 111100000000 111100000000 111100000000 111100000000 111100000000 111100000000 111100000000 111100000000 111100000000 111100000000 000000000000 000000000000 111111110000
 
111111110000 000000000000 111111110000 000000000000 111100000000 111100000000 111100000000 000000000000 111100000000 000000000000 111100000000 111100000000 111100000000 000000000000 111111110000 000000000000 111111110000 

111111110000 000000000000 111111110000 111111110000 000000000000 111100000000 111100000000 111100000000 000000000000 111100000000 111100000000 111100000000 000000000000 111111110000 111111110000 000000000000 111111110000
 
111111110000 000000000000 111111110000 111111110000 111111110000 000000000000 111100000000 000000000000 111100000000 000000000000 111100000000 000000000000 111111110000 111111110000 111111110000 000000000000 111111110000
 
111111110000 000000000000 111111110000 111111110000 111111110000 111111110000 000000000000 111100000000 111100000000 111100000000 000000000000 111111110000 111111110000 111111110000 111111110000 000000000000 111111110000
 
111111110000 000000000000 111111110000 000000000000 111111110000 000000000000 111111110000 000000000000 111100000000 000000000000 111111110000 000000000000 111111110000 000000000000 111111110000 000000000000 111111110000
 
111111110000 000000000000 111111110000 111111110000 000000000000 111111110000 111111110000 111111110000 000000000000 111111110000 111111110000 111111110000 000000000000 111111110000 111111110000 000000000000 111111110000
 
111111110000 000000000000 111111110000 000000000000 111111110000 000000000000 111111110000 000000000000 111100000000 000000000000 111111110000 000000000000 111111110000 000000000000 111111110000 000000000000 111111110000
 
111111110000 000000000000 111111110000 111111110000 111111110000 111111110000 000000000000 111100000000 111100000000 111100000000 000000000000 111111110000 111111110000 111111110000 111111110000 000000000000 111111110000
 
111111110000 000000000000 111111110000 111111110000 111111110000 000000000000 111100000000 000000000000 111100000000 000000000000 111100000000 000000000000 111111110000 111111110000 111111110000 000000000000 111111110000
 
111111110000 000000000000 111111110000 111111110000 000000000000 111100000000 111100000000 111100000000 000000000000 111100000000 111100000000 111100000000 000000000000 111111110000 111111110000 000000000000 111111110000
 
111111110000 000000000000 111111110000 000000000000 111100000000 111100000000 111100000000 000000000000 111100000000 000000000000 111100000000 111100000000 111100000000 000000000000 111111110000 000000000000 111111110000
 
111111110000 000000000000 000000000000 111100000000 111100000000 111100000000 111100000000 111100000000 111100000000 111100000000 111100000000 111100000000 111100000000 111100000000 000000000000 000000000000 111111110000
 
111111110000 000000000000 000000000000 000000000000 000000000000 000000000000 000000000000 000000000000 000000000000 000000000000 000000000000 000000000000 000000000000 000000000000 000000000000 000000000000 111111110000
 
111111110000 111111110000 111111110000 111111110000 111111110000 111111110000 111111110000 111111110000 111111110000 111111110000 111111110000 111111110000 111111110000 111111110000 111111110000 111111110000 111111110000 
